date,tools_measured,total_tools_measured,saved_working_hours,total_working_hours,money_saved_today,money_saved_total
2025-05-01,77,77,2.57,8.62,77.0,77.0
2025-05-02,207,207,6.9,7.29,207.0,284.0
2025-05-03,185,185,6.17,8.45,185.0,469.0
2025-05-04,143,143,4.77,11.12,143.0,612.0
2025-05-05,142,142,4.73,7.4,142.0,754.0
2025-05-06,223,223,7.43,6.35,223.0,977.0
2025-05-07,76,76,2.53,7.69,76.0,1053.0
2025-05-08,193,193,6.43,7.76,193.0,1246.0
2025-05-09,98,98,3.27,9.97,98.0,1344.0
2025-05-10,77,77,2.57,9.34,77.0,1421.0
2025-05-11,160,160,5.33,10.7,160.0,1581.0
2025-05-12,246,246,8.2,9.99,246.0,1827.0
2025-05-13,200,200,6.67,8.44,200.0,2027.0
2025-05-14,205,205,6.83,10.88,205.0,2232.0
2025-05-15,197,197,6.57,7.0,197.0,2429.0
2025-05-16,210,210,7.0,6.14,210.0,2639.0
2025-05-17,158,158,5.27,6.54,158.0,2797.0
2025-05-18,84,84,2.8,10.33,84.0,2881.0
2025-05-19,220,220,7.33,8.77,220.0,3101.0
2025-05-20,146,146,4.87,6.97,146.0,3247.0
2025-05-21,155,155,5.17,9.01,155.0,3402.0
2025-05-22,130,130,4.33,6.91,130.0,3532.0
2025-05-23,94,94,3.13,10.18,94.0,3626.0
2025-05-24,237,237,7.9,8.68,237.0,3863.0
2025-05-25,209,209,6.97,8.29,209.0,4072.0
2025-05-26,182,182,6.07,7.81,182.0,4254.0
2025-05-27,136,136,4.53,9.78,136.0,4390.0
2025-05-28,217,217,7.23,8.17,217.0,4607.0
2025-05-29,164,164,5.47,6.53,164.0,4771.0
2025-05-30,144,144,4.8,6.71,144.0,4915.0
2025-05-31,146,146,4.87,11.77,146.0,5061.0
2025-06-01,103,103,3.43,11.45,103.0,5164.0
2025-06-02,77,77,2.57,10.2,77.0,5241.0
2025-06-03,165,165,5.5,7.6,165.0,5406.0
2025-06-04,229,229,7.63,11.82,229.0,5635.0
2025-06-05,72,72,2.4,10.67,72.0,5707.0
2025-06-06,223,223,7.43,10.3,223.0,5930.0
2025-06-07,218,218,7.27,8.7,218.0,6148.0
2025-06-08,112,112,3.73,7.63,112.0,6260.0
2025-06-09,180,180,6.0,6.58,180.0,6440.0
2025-06-10,91,91,3.03,11.42,91.0,6531.0
2025-06-11,204,204,6.8,8.73,204.0,6735.0
2025-06-12,193,193,6.43,7.21,193.0,6928.0
2025-06-13,127,127,4.23,7.84,127.0,7055.0
2025-06-14,72,72,2.4,9.48,72.0,7127.0
2025-06-15,245,245,8.17,7.06,245.0,7372.0
2025-06-16,145,145,4.83,11.14,145.0,7517.0
2025-06-17,230,230,7.67,10.55,230.0,7747.0
2025-06-18,189,189,6.3,10.32,189.0,7936.0
2025-06-19,208,208,6.93,8.59,208.0,8144.0
2025-06-20,205,205,6.83,9.76,205.0,8349.0
2025-06-21,97,97,3.23,9.5,97.0,8446.0
2025-06-22,129,129,4.3,9.9,129.0,8575.0
2025-06-23,149,149,4.97,6.51,149.0,8724.0
2025-06-24,155,155,5.17,8.49,155.0,8879.0
2025-06-25,68,68,2.27,6.25,68.0,8947.0
2025-06-26,164,164,5.47,8.96,164.0,9111.0
2025-06-27,89,89,2.97,7.98,89.0,9200.0
2025-06-28,201,201,6.7,6.87,201.0,9401.0
2025-06-29,190,190,6.33,6.62,190.0,9591.0
2025-06-30,236,236,7.87,9.53,236.0,9827.0
2025-07-01,202,202,6.73,7.02,202.0,10029.0
2025-07-02,130,130,4.33,11.55,130.0,10159.0
2025-07-03,244,244,8.13,9.49,244.0,10403.0
2025-07-04,138,138,4.6,8.08,138.0,10541.0
2025-07-05,122,122,4.07,9.55,122.0,10663.0
2025-07-06,232,232,7.73,6.14,232.0,10895.0
2025-07-07,130,130,4.33,11.75,130.0,11025.0
2025-07-08,74,74,2.47,8.89,74.0,11099.0
2025-07-09,149,149,4.97,10.7,149.0,11248.0
2025-07-10,211,211,7.03,6.5,211.0,11459.0
2025-07-11,96,96,3.2,8.92,96.0,11555.0
2025-07-12,148,148,4.93,8.94,148.0,11703.0
2025-07-13,84,84,2.8,11.63,84.0,11787.0
2025-07-14,191,191,6.37,9.43,191.0,11978.0
2025-07-15,150,150,5.0,8.84,150.0,12128.0
2025-07-16,123,123,4.1,7.6,123.0,12251.0
2025-07-17,103,103,3.43,7.99,103.0,12354.0
2025-07-18,167,167,5.57,9.12,167.0,12521.0
2025-07-19,187,187,6.23,8.63,187.0,12708.0
2025-07-20,239,239,7.97,6.13,239.0,12947.0
2025-07-21,143,143,4.77,10.96,143.0,13090.0
2025-07-22,90,90,3.0,11.38,90.0,13180.0
2025-07-23,219,219,7.3,6.84,219.0,13399.0
2025-07-24,180,180,6.0,9.32,180.0,13579.0
2025-07-25,193,193,6.43,6.65,193.0,13772.0
2025-07-26,78,78,2.6,10.03,78.0,13850.0
2025-07-27,119,119,3.97,7.69,119.0,13969.0
2025-07-28,206,206,6.87,9.96,206.0,14175.0
2025-07-29,218,218,7.27,10.36,218.0,14393.0
2025-07-30,143,143,4.77,10.61,143.0,14536.0
2025-07-31,213,213,7.1,6.65,213.0,14749.0
2025-08-01,220,220,7.33,11.5,220.0,14969.0
2025-08-02,134,134,4.47,7.38,134.0,15103.0
2025-08-03,231,231,7.7,6.22,231.0,15334.0
2025-08-04,115,115,3.83,9.33,115.0,15449.0
2025-08-05,105,105,3.5,8.23,105.0,15554.0
2025-08-06,190,190,6.33,10.98,190.0,15744.0
2025-08-07,181,181,6.03,10.85,181.0,15925.0
2025-08-08,86,86,2.87,7.9,86.0,16011.0
2025-08-09,219,219,7.3,11.72,219.0,16230.0
2025-08-10,98,98,3.27,7.75,98.0,16328.0
2025-08-11,213,213,7.1,9.09,213.0,16541.0
2025-08-12,61,61,2.03,7.54,61.0,16602.0
2025-08-13,212,212,7.07,11.62,212.0,16814.0
2025-08-14,210,210,7.0,6.99,210.0,17024.0
2025-08-15,209,209,6.97,6.27,209.0,17233.0
2025-08-16,186,186,6.2,8.61,186.0,17419.0
2025-08-17,150,150,5.0,11.95,150.0,17569.0
2025-08-18,194,194,6.47,11.35,194.0,17763.0
2025-08-19,112,112,3.73,10.49,112.0,17875.0
2025-08-20,209,209,6.97,11.34,209.0,18084.0
2025-08-21,166,166,5.53,11.36,166.0,18250.0
2025-08-22,147,147,4.9,9.11,147.0,18397.0
2025-08-23,156,156,5.2,7.9,156.0,18553.0
2025-08-24,168,168,5.6,10.63,168.0,18721.0
2025-08-25,67,67,2.23,9.97,67.0,18788.0
2025-08-26,86,86,2.87,8.24,86.0,18874.0
2025-08-27,106,106,3.53,6.57,106.0,18980.0
2025-08-28,81,81,2.7,10.48,81.0,19061.0
2025-08-29,143,143,4.77,7.57,143.0,19204.0
2025-08-30,187,187,6.23,11.62,187.0,19391.0
2025-08-31,184,184,6.13,7.45,184.0,19575.0
2025-09-01,149,149,4.97,6.74,149.0,19724.0
2025-09-02,223,223,7.43,10.99,223.0,19947.0
2025-09-03,167,167,5.57,6.92,167.0,20114.0
2025-09-04,75,75,2.5,7.08,75.0,20189.0
2025-09-05,206,206,6.87,9.6,206.0,20395.0
2025-09-06,169,169,5.63,11.25,169.0,20564.0
2025-09-07,181,181,6.03,7.18,181.0,20745.0
2025-09-08,167,167,5.57,7.86,167.0,20912.0
2025-09-09,165,165,5.5,10.66,165.0,21077.0
2025-09-10,77,77,2.57,11.83,77.0,21154.0
2025-09-11,166,166,5.53,9.0,166.0,21320.0
2025-09-12,211,211,7.03,6.86,211.0,21531.0
2025-09-13,118,118,3.93,6.08,118.0,21649.0
2025-09-14,175,175,5.83,7.38,175.0,21824.0
2025-09-15,65,65,2.17,6.79,65.0,21889.0
